Optimizer: HHO
ObjFucName: ackley
StartTime: 2022-08-05-22-56-28
EndTime: 2022-08-05-22-56-29
ExecutionTime: 1.2390918731689453
Best: 7.500996423408232
BestIndividual:
[-1.48882202 -1.4915662  -1.49051678 -1.48984245 -1.48761095 -1.49086787
 -1.48935362 -1.48913351 -1.48923778 -1.49017748 -1.49079803 -1.48863745
 -1.48701018 -1.48995045 -1.48684269 -1.48416225 -1.48994725 -1.48726207
 -1.49155874 -1.48956366 -1.48548487 -1.49016689 -1.4886492  -1.48698268
 -1.49334542 -1.48909587 -1.48941318 -1.49155273 -1.48932469 -1.4878429 ]