Optimizer: SMA
ObjFucName: ackley
StartTime: 0
EndTime: 0
ExecutionTime: 0
Best: 0
BestIndividual:
[-5.17901507e-22 -2.69416995e-19  2.56484612e-22  2.87317588e-22
  6.24722001e-25 -1.54220599e-23 -1.62909157e-21  3.30375452e-16
 -1.70567358e-24 -5.80557383e-20  1.35885150e-22 -6.54713497e-24
 -4.59668195e-23 -1.14206631e-21  4.37632954e-23  3.32651168e-26
  2.45962900e-16  4.75685942e-25 -4.73813050e-22  2.51730815e-20
  1.64816037e-22 -4.20893917e-21 -1.33264670e-20  2.98523360e-20
 -1.51043181e-24  1.05986627e-20 -1.29393733e-19  5.21359969e-20
 -4.12840216e-22 -1.25420263e-21  6.25910450e-22  1.42924027e-19
  6.29883730e-21  2.16484450e-20 -2.58039343e-20 -1.03581514e-18
  1.98949058e-20  3.54398554e-19 -1.97839684e-17 -1.05315152e-25
  4.01648798e-22 -4.41028144e-21  3.34651487e-21  2.57911132e-26
  3.94015554e-20 -5.03195502e-22 -7.83044112e-24 -9.06265006e-17
 -9.14206953e-20  2.59204984e-23 -2.36341927e-23  6.59338540e-26
  1.24689075e-23  3.43670735e-25 -2.71428574e-22 -6.74800671e-19
  4.16705954e-21 -9.96509563e-27  8.53316772e-23 -2.53344976e-23
 -2.08271215e-21  2.33179551e-22  1.32938653e-19  1.20425744e-21
 -4.99303436e-23  1.15601254e-24  1.69067014e-18 -3.31053730e-22
 -1.21112494e-23 -3.44626791e-25  1.13962435e-21  2.89604589e-23
  6.88819193e-22  1.80639496e-23  3.80743664e-30  2.19686104e-19
 -6.85084077e-26 -3.05276121e-23  1.00026594e-20 -3.54604836e-18
 -9.06030020e-20 -2.99242976e-20 -1.21882450e-17 -1.39176864e-19
 -4.10102378e-23 -2.18266023e-20 -1.40949702e-19 -8.19117171e-30
 -3.00407243e-19 -8.20697590e-21  1.80277395e-21  1.71867490e-22
 -1.20573247e-21 -8.28483278e-19  1.36828809e-17 -4.74427198e-21
  2.86462420e-22 -9.66360763e-23 -4.54970289e-24 -4.35824295e-22]