Optimizer: WOA
ObjFucName: ackley
StartTime: 2022-08-05-23-08-49
EndTime: 2022-08-05-23-08-55
ExecutionTime: 5.807649612426758
Best: 1.5145619272960431e-05
BestIndividual:
[-3.78621395e-06 -3.78621395e-06 -3.78621395e-06 -3.78621395e-06
 -3.78621395e-06 -3.78621395e-06 -3.78621395e-06 -3.78621395e-06
 -3.78621395e-06 -3.78621395e-06 -3.78621395e-06 -3.78621395e-06
 -3.78621395e-06 -3.78621395e-06 -3.78621395e-06 -3.78621395e-06
 -3.78621395e-06 -3.78621395e-06 -3.78621395e-06 -3.78621395e-06
 -3.78621395e-06 -3.78621395e-06 -3.78621395e-06 -3.78621395e-06
 -3.78621395e-06 -3.78621395e-06 -3.78621395e-06 -3.78621395e-06
 -3.78621395e-06 -3.78621395e-06]